# nnessnmr_2022_-lkdeneme


| **gene** | **Dm.** | **Hs.** | **Hs.** | **Hs.** | **Hs.** | **Hs.** | **Os.** | **Os.** | **Os.** | **Os.** | **Os.** | **Os.** | **At.** |
| **Dm.** | 100.00 | 42.38 | 65.58	| 42.36	| 42.43 |	65.58	| 44.36	| 45.87	| 42.72	| 45.42 |	46.39 |	45.13	| 41.01 |
| **Hs.** | 42.38 | 100.00 | 99.96	| 99.99	| 100.00 | 99.95 | 61.27 | 58.54	| 54.98	| 53.76	| 60.09	| 62.55	| 50.43 |
| **Hs.** | 65.58 | 99.96 | 100.00 |	99.65	|	99.95	|	100.00 | 61.24	|	58.44	|	54.95	|	53.67	|	60.00	| 62.51 |	50.37 |
| **Hs.** | 42.36 | 99.99 | 99.65 | 100.00 | 100.00 | 99.64 | 61.22 |	58.48 |	54.93 |	53.70 |	60.03 | 62.49 |	50.39 |
| **Hs.** | 42.43 | 100.00 | 99.95 | 100.00 | 100.00 | 99.93 | 61.26	| 58.46	| 54.91	| 53.74 | 60.02	62.54	| 50.41 |
| **Hs.** | 65.58 | 99.95 | 100.00 |	99.64 |	99.93 |	100.00 | 61.24 | 58.50 | 54.95 | 53.73 | 60.00 | 62.51 | 50.41 |
| **Os.** | 44.36 | 61.27 | 61.24 | 61.22 | 61.26 |	61.24	| 100.00 | 62.71 | 58.11 | 56.42 | 65.48 | 74.89 | 53.95 |
| **Os.** | 45.87 | 58.54 | 54.44 | 54.48 | 58.46|	58.50	| 62.71 |	100.00|	60.66 | 64.50 |	61.69 | 63.06 |	55.82 |
| **Os.** | 42.72 | 54.98 | 54.95 | 54.93 | 54.91 |	54.95 |	58.11 |	60.66 |	100.00 | 59.39 | 56.87 | 56.68 | 63.40 |
| **Os.** | 45.42 | 53.76 | 53.67 | 53.70 | 53.74 |	53.73 |	56.42 |	64.50 |	59.39 |	100.00 | 58.25 | 58.46 | 54.61 |
| **Os.** | 46.39 | 60.09 | 60.00 | 60.03 | 60.02 |	60.00 |	65.48 |	61.69 |	56.87 |	58.25 |	100.00 | 64.75 | 52.04 |
| **Os.** | 45.13 | 62.55 | 62.51 | 62.49 | 62.54 |	62.51 |	74.89 |	63.06 |	56.68 |	58.46 |	64.75 | 100.00 | 52.68 |
| **At.** | 41.03 | 50.43 | 50.37 | 50.39 | 50.41 |	50.41 |	53.95 |	55.82 |	63.40 |	54.61 |	52.04 |	52.68 |	100.00 |


